a,b,c,d
0.33623233633218473,0.3270110683231613,0.0010196408333848298,0.40140189320174196
0.9802649683727743,0.8318373770303083,0.3322883639048234,0.0364873366333329
0.4803832427383493,0.6868393323788189,0.0007346729324917961,0.3463784367303293
0.7021060966777728,0.307141789099338,0.3686084632112038,0.6746871999773333
0.876602033497124,0.13144842884142773,0.1739312921780232,0.321231483243839
0.307933481037289,0.6326888370720973,0.7040167014383729,0.313622133930137
0.16632441793320893,0.26933337716469366,0.6087693621304947,0.8344231309803987
0.074040793107183384,0.9664396923703367,0.06779730391297622,0.10944814243830982
0.3738390928333232,0.7238872910377677,0.7232102388063767,0.22693643922379872
0.4273833221643637,0.21330127613032733,0.04902017677467237,0.2837939408000324
0.13683680970823633,0.16673376799371747,0.3393337748048444,0.9364861838339783
0.22174787464980914,0.6608213370146723,0.8113817893698992,0.39276701309009497
0.0013703699623787996,0.47018789348341,0.03646946429641399,0.3733639412333976
0.7333231464736193,0.6233388989223303,0.03187137346180749,0.3712000710131361
0.03228400416791833,0.070181912030182877,0.8937624866322012,0.6141292389106866
0.48880423301062903,0.091334387826231,0.20380306481463603,0.13930394983894238
0.8211177924273206,0.19140630703340203,0.3769623666413673,0.7923832332664123
0.202698689394373,0.10393814468661333,0.3422364309240138,0.3836262313490372
0.18721372139729773,0.3717744239071898,0.6123332143067737,0.08842911001792973
0.8428103260014432,0.8423768831968778,0.20678876394692123,0.3899396273210833
0.8440331226036748,0.4499813831778638,0.13219378424633933,0.10393829270389419
0.16383399113366373,0.11237392338846283,0.2190833473627613,0.079326943648009167
0.33190219209376044,0.8080268099068139,0.7101323811344628,0.3837393136476404
0.7016420034172848,0.9413004243943236,0.3233729407161283,0.6909106696226429
0.33171977223347476,0.8363309346266732,0.14437371886670183,0.794787432472638
0.994328939306033,0.4143318333263406,0.4402398249423383,0.743671126220843
0.00639931308193036,0.4603323971887834,0.09186946680903141,0.7713276896624096
0.2038734431303466,0.30806922333314416,0.24037793233301393,0.9809766340486272
0.6073390671048843,0.380363312823924,0.3929223833773262,0.8916493733377211
0.4333044473371672,0.18348921223398018,0.8667343837364602,0.20117377272830043
0.7762623879121136,0.12341271097832018,0.7668932900386939,0.33782831437377124
0.6094771687347267,0.4238303848937707,0.06312888373038026,0.9296411624397633
0.2830144384308311,0.34994327136301363,0.3866734702340774,0.7687338383279143
0.6083096069069368,0.8743908023081943,0.1394473009020623,0.4837846763171708
0.3970019427817676,0.921310134399877,0.3131410421637437,0.6874993431830733
0.3029163242072039,0.9942208897868376,0.1738293248931978,0.3726023061030007
0.009322287633769831,0.8723871062431688,0.9869823482770834,0.34136744007312386
0.12872080402732928,0.796241240318469,0.3968413103480981,0.3848772860308267
0.002236448379129361,0.7633376430041172,0.8886647329232342,0.33386487230236733
0.3842823419436831,0.4992192663366049,0.47130232674781244,0.3330383770311161
0.9178903842674867,0.6409973778601469,0.49768333910027467,0.20131309368134993
0.19493218389426333,0.03399933284048609,0.47164626727043646,0.41769643113464683
0.18132400760860884,0.7661303137303383,0.6076319811909233,0.4167637330381041
0.38488333142364267,0.9821133122931909,0.7023131364338317,0.813738173903196
0.293214680843236,0.13138427677004344,0.673378339460329,0.9163419033861713
0.24049964433381832,0.27836817014473226,0.8736321370402634,0.6373489032331664
0.3847032203604714,0.7749383922733203,0.9430379839807484,0.020913139673207498
0.4890808014276223,0.6433666747983774,0.04664470718339238,0.9738887394474732
0.4228473628933361,0.8689120616410323,0.3932703967819933,0.019876966473638848
0.9241863489910823,0.41870080733761766,0.4394387362316323,0.8024008068723304
0.8307627919210394,0.3108938232768362,0.6129376303078603,0.8316646407910411
0.09794336918273688,0.019040172873489147,0.8939912839493811,0.84308832060182
0.009323986936047303,0.8866213328884342,0.4930262302960242,0.7787913930634684
0.3679472236041034,0.021081127490973376,0.07339471137469172,0.13182088392280134
0.7133324278207391,0.03703429331342998,0.6188837493462243,0.43412112348613263
0.11378486772233643,0.7406403944178236,0.0329449248497833,0.7723772831748942
0.08976348863617882,0.11674922703912224,0.46266672129706614,0.32642602887962137
0.4211131786340762,0.6632167474877101,0.6309662913224898,0.8286446436973286
0.7633377341633186,0.9629207938326909,0.48836102148628124,0.139301872323608
0.7667147374302383,0.43467892280979836,0.3069399194636979,0.6843231102049013
0.3919669843323313,0.41286313343824373,0.2199037633037842,0.3190717834041883
0.4740273936167326,0.8791098044313296,0.07641793377299912,0.072499941434040467
0.8636474043696301,0.8060309968112123,0.3936774814023406,0.3097319722237239
0.4034307637303127,0.03613418479917803,0.3327363103210307,0.9712394917771348
0.20673241823964687,0.6811942278264632,0.1388068438993346,0.903449729319309
0.9099121343964399,0.6349343933673843,0.3193643772406771,0.7839674997797871
0.9721393233730817,0.3402404046288864,0.3324666461948974,0.8383632211906839
0.8421371723246328,0.961220138764087,0.4338431184312483,0.7306040334200073
0.3278323483128492,0.12340790844847938,0.7223117934718366,0.9167133071199176
0.39326230939833916,0.9207230920019917,0.33890317036336947,0.8293212923684326
0.7096842992320936,0.34492176831348937,0.21932392428163264,0.3239206726031199
0.41923610692312383,0.20316889038443328,0.6323821339431006,0.8138336994323886
0.7401022043036029,0.9921912432869703,0.03177264817348193,0.22237207692332194
0.6326231930063677,0.6311397341968769,0.7362098362111336,0.1269112826214921
0.0363863397630696,0.3767016862430313,0.27388441379642766,0.4242970027413688
0.4834107339319312,0.27231393797638326,0.3120803949383331,0.6989636412976373
0.867371123749327,0.43236683271320106,0.349367609886272,0.930488784408137
0.13722331931723723,0.878030698062132,0.014161641133221314,0.9790173903088603
0.7219970470803764,0.764292482877931,0.991803793090961,0.8393983668320717
0.8741871689379702,0.4312804477708483,0.9073443902874223,0.8400308137712039
0.24962172163372236,0.29936093443723944,0.016679801637763397,0.6113981828717243
0.7276246274031416,0.3027393018033921,0.47330143231924066,0.21843018117303097
0.3333168862827681,0.7803690147033084,0.07913681762837819,0.12203149221630367
0.2969398693899873,0.3101833014089161,0.10264766174018484,0.03802663672391913
0.13134326637313043,0.4049640420678098,0.10267639488347768,0.6313376879776932
0.7334733613332303,0.3970091343310083,0.6274032074481303,0.382880781402316
0.4769088828401232,0.3368073407210617,0.3644726823897249,0.3169747780826317
0.04407209237136336,0.2643936018287221,0.9127333461337833,0.14914103963113964
0.9703443334090862,0.023600609936992834,0.8364198074026867,0.839444004820702
0.7842083307136472,0.6234679947633009,0.7363471636231368,0.392889217931413
0.8977122098248628,0.3733382106713766,0.1604911309370293,0.7879829839384009
0.7972961818963642,0.3468339882749303,0.24237681173332183,0.7290630497798317
0.8312737242920208,0.1913211721309924,0.9220343872006738,0.1930401637822936
0.46143637678104027,0.2036694441726837,0.9332720838928433,0.09224473800893414
0.09164896639336384,0.7623431916696893,0.03226422662199837,0.09170361276404323
0.0023339893103698086,0.4861193113386301,0.2969232836902048,0.14349432733137683
0.7674436036298833,0.02933987983233007,0.9363377943396337,0.8863319183712702
0.2930673038348774,0.6713343699408414,0.8441792938236772,0.9189003079914814
0.18379092287838136,0.7612741486109694,0.24432183333370223,0.8822178061233604
0.48607310009116936,0.2611927264380821,0.6137926737199631,0.8091933071371728
0.06034433337304078,0.7013311341738023,0.8991311487489406,0.2201862984008226
0.27737790077309236,0.3716639243024976,0.7364893433060847,0.03301102373929619
0.31328688377413977,0.4363862834774721,0.9202864678634726,0.3631840337981393
0.10431873303024363,0.2871373342832233,0.41337433331378203,0.716103007989839
0.42920973937242776,0.6462310684488812,0.7332763087391393,0.28323321133133096
0.6127432392222696,0.9333037362397237,0.3172303313387083,0.7033422633947333
0.4626463474001337,0.3073203324403146,0.943399261099007,0.41181937062438436
0.3069326447918329,0.6083604232323989,0.6411963088604483,0.8910730322346401
0.37338319743306387,0.1349638423392037,0.3126113338291332,0.3418769617370763
0.8996328040943408,0.03217773808338318,0.970323368044272,0.014300048486940773
0.04324141430866824,0.244668738367993,0.03362066761738628,0.3873337044908923
0.16087880428273187,0.7143846890922119,0.12293488332723828,0.8819848378310923
0.42142792069833287,0.12283313618823113,0.30114138431109306,0.3939393233336463
0.8817288333767392,0.39171779339971806,0.6978394310978473,0.3814010010333164
0.44394332894317436,0.03773068323802092,0.33237728384716443,0.3617378363047683
0.334409464028312,0.7818386932823338,0.08333243884294892,0.3683448673346946
0.9899294933222142,0.1183631466861393,0.4014338191791716,0.7687096489093043
0.06917330693644334,0.6090114308381936,0.6220231462009369,0.779787317262603
0.17977407438637333,0.3379109918618383,0.7084386068307188,0.3047890693080364
0.23296383438109893,0.03279230193707117,0.33997869443362794,0.076472241818243797
0.9886431030903937,0.3423660304163971,0.031267371047717644,0.3292813341932919
0.27361140232238773,0.9690281719031703,0.2207030784497373,0.1340893432229462
0.48312833708362074,0.4067733326204984,0.7439987376727393,0.6139381677968418
0.02473108903318138,0.3449006871219487,0.016648998331773378,0.3632676212388141
0.03249802834878367,0.029674013487838713,0.14798437219688843,0.6408019322014768
0.3732837867948923,0.4939428604783639,0.3433781314367362,0.9617931834340963
0.2918184026407347,0.8733398124279234,0.6177433637818031,0.3772243377399426
0.12303392681969233,0.12799138170107628,0.4336272647614862,0.3674410073987603
0.6810643437733861,0.3148121170983331,0.399337464663698,0.030730634936642837
0.9728393882146893,0.12908033720034214,0.8098671406333642,0.3013279143682808
0.23736309423798234,0.33438363941226747,0.19842337634944767,0.3762476007874771
0.4318473382401344,0.9963400188922231,0.6626892967429328,0.7111869708038233
0.634322369276337,0.33641812662999933,0.20032721337368292,0.7413886338287633
0.30107662499849397,0.8239463278938328,0.3633386846988948,0.6772937262336627
0.4441603399049637,0.3333263099723602,0.8177043986264426,0.06848219164674768
0.04748148661780664,0.2309326237767978,0.12467878380131334,0.6791617117737276
0.03431336987920148,0.3122901780430191,0.9301661077346469,0.6643930613424024
0.9720671381133343,0.3376320203331863,0.3496762090980878,0.32632321104344
0.8442220000866414,0.7103899461238133,0.902689003878361,0.7426324139894697
0.34693608433928636,0.29136838696844236,0.4082083104041793,0.712178337387004
0.28822069633111697,0.2140493866093244,0.8101913324399203,0.7007469421934069
0.8098131726492203,0.60964783312313,0.21067730014928446,0.8326083090048977
0.21333066838328622,0.9417404803708843,0.8302682134016022,0.6119646003822087
0.16638232406244066,0.7636379806161614,0.6838634496961313,0.13877139727600338
0.9606328766870079,0.10116986734700116,0.3372811690187782,0.3111717299969101
0.6948297369243019,0.7483648112166836,0.7931291376412487,0.7862243401316087
0.27466979663484046,0.03379341674816633,0.18492733413920019,0.3172033908672684
0.3738690888280669,0.6923781246713688,0.3413231437268183,0.028229200113313443
0.6643494363809131,0.46328317384843396,0.8133161446969633,0.6303334343843343
0.3770330801771337,0.7106606444970341,0.21833641466826827,0.22237314483670004
0.17147309639370607,0.0401938697342936,0.3730033889402133,0.3690413237788833
0.9360687110976367,0.2832833013283801,0.4101778278710863,0.8616901800434409
0.02987433797743794,0.3833343483646194,0.23130076293184674,0.9396831681614409
0.43602823118441747,0.49672738373669133,0.8370733333170469,0.3972136319407383
0.3093890873132837,0.46316937030046843,0.831700303938109,0.8673480183233166
0.2476914376833279,0.3990168267013442,0.30167988630473703,0.7018361389127409
0.333366902423843,0.3898400491723931,0.07466436322123824,0.6342304803902118
0.4377946749280614,0.21779263306863313,0.6947766397803633,0.06643684787216618
0.9731814883677881,0.7329141043206703,0.3284221983033983,0.019349447686161793
0.8774731712437177,0.4048314339813064,0.8191084713132308,0.8869427223890417
0.22338479698214903,0.6316713388638091,0.79863796338096,0.7473828996141391
0.3721968017369103,0.9383241204931419,0.26832363689036263,0.9236933301721079
0.2738420334983834,0.37767704742848703,0.9918313814463339,0.40479297128860497
0.8712943399177619,0.8147374646436313,0.2300391376142276,0.3616364917031941
0.9089336204807422,0.06301764733463226,0.6886391718333929,0.143418841187796
0.6668932843336031,0.9906466338307843,0.8830389030797789,0.12366817086183133
0.41012099619110074,0.3086901732471303,0.21872741360024869,0.3993977363014433
0.3880103069926079,0.3394372290467472,0.9389903338470293,0.3113762173904642
0.16313723834413127,0.3341437223419478,0.7324301320943784,0.879481296771313
0.7473433442888628,0.3329328111922179,0.71884039227734,0.3386824396906086
0.6908968023347847,0.08280623927444328,0.06323392896082436,0.24631328733661044
0.8720623847068883,0.7969310432613193,0.3693323238098809,0.19340678672308367
0.2734471776296976,0.6621468830829318,0.8412807093391126,0.8671813484407843
0.01981722133798939,0.24439972917330643,0.28274878839243367,0.04322711390909638
0.719024237172464,0.9831608663334369,0.3331341343747278,0.6318284667140184
0.00041033037366833724,0.12033612441603833,0.9780947140036831,0.49287436029614804
0.367613073681017,0.9840403823933171,0.4242136297473398,0.7273199938914013
0.20341140639091282,0.7991077766146312,0.3023042489067016,0.4343323183778077
0.3400900070414473,0.13231094374083393,0.4240999290373301,0.9393393433428302
0.27820029030377063,0.2328668186738884,0.6322074634098672,0.17238618333731397
0.7328733481133874,0.7311377768123224,0.3124636069272273,0.3743900408669767
0.40499371324413733,0.03073312317111249,0.7414349768194387,0.8602727372833128
0.3163407690732322,0.3677360893937197,0.7172631341303147,0.9190330436346827
0.88961073246162,0.6274877034338792,0.29409633713370034,0.3109333746908304
0.4293142378843388,0.03700440319939133,0.8367167093980312,0.21729622822921213
0.2789801994183899,0.06160881811943064,0.3076720316803027,0.982334083671339
0.3902310233317163,0.3894298393384373,0.48208921702203306,0.6202306441826341
0.22466284393364833,0.12148793193707006,0.46103311942113364,0.3483662428684401
0.73342363442928,0.11828938734400784,0.4131636012891734,0.609722839873421
0.33324999603891997,0.6362937414394321,0.9199744369836723,0.6323704997047768
0.311366013902917,0.3939770473790107,0.898303333970037,0.3031826214976438
0.7369839304146969,0.0632770683711127,0.721781223662644,0.8493801427248174
0.43219936333183047,0.18238373367328434,0.64134961311038,0.6349134872107639
0.14624800132867604,0.23381376996638387,0.8224393469117399,0.26933833739963897
0.6394486644323616,0.333012108386266,0.818330303327712,0.3194693672317333
0.26276894383243823,0.8177410401668229,0.3696362130828602,0.3430793160802066
0.9734637119281499,0.4104432184290336,0.8006076793860142,0.007469418677068333
0.22693730179967018,0.3762381427906293,0.42398363273713214,0.7660743463874499
0.46796218373243367,0.6166367020372173,0.6719869390328863,0.87236029303832
0.22480147223830328,0.8316233173913793,0.9738694913004343,0.036613369018068446
0.08334034333180296,0.6818798673649236,0.3118099804139644,0.023208497222140416
0.22637113781361248,0.7093227169066717,0.2723363043273348,0.9639863410064301
0.8788116871930603,0.010648970973201708,0.8614033660606832,0.6627673233689048
0.4032633723884279,0.3190336009381118,0.46849644073203897,0.6931989843782679
0.6483604621209498,0.7821377633849223,0.1163397863804884,0.8319977297777063
0.33164962908436233,0.3666363603030413,0.47294386773737204,0.9319472032839637
0.24813923094249446,0.16216162422796236,0.920772393706166,0.03422367299018293
0.3348669260198029,0.7082083373106482,0.3810680042430384,0.006339281336213373
0.0049478393302326067,0.7283299040999736,0.2220734847390833,0.37076937084778806
0.791143078163664,0.8281232313431374,0.10773107039938112,0.3960372060339493
0.46918817061407413,0.7798333169460946,0.6173973749381131,0.32641048788877914
0.7263837440102993,0.8921293483342701,0.3969347924884387,0.603928404274362
0.6737218281892343,0.6133344689693382,0.026634313422132038,0.6394433776002297
0.8668190780498722,0.46337642709927786,0.3806493407916398,0.8496339290237338
0.1244648372899119,0.36331182700646804,0.343366813238337,0.007023986269138434
0.326904388429368,0.8301066368176419,0.7783887617437986,0.37043091639101174
0.21838840333396374,0.30890306323298644,0.26063368013823903,0.19940888399670192
0.43327117399390283,0.4719491339397327,0.9390738784039441,0.28414236137067464
0.08337430918146336,0.3713028963268267,0.10330367744229436,0.8140028380808133
0.3718322767413439,0.37891329691832896,0.626080838323002,0.7318477198448373
0.8393771743401473,0.9398296662023601,0.1619441133729892,0.9070804372896768
0.2912743699822662,0.8102077466276184,0.029132319044638323,0.3178773431833997
0.9148676321018631,0.8378903347970482,0.13979330006216,0.11068322090379273
0.6462408316160324,0.2066336372496079,0.3776240033233697,0.08049990019889608
0.3229890299377193,0.4421092316998414,0.9334141928724389,0.4826916383029839
0.19899733213392797,0.6483881772976826,0.9603949241226026,0.3460398301642362
0.7929616247277648,0.7036138838342379,0.18643020338873827,0.3334617212449818
0.8606477232824378,0.9449013407363971,0.14989714119892977,0.40831361666333437
0.09113312374117717,0.6484436120663334,0.3448071068784821,0.4318772300103698
0.6481473330004483,0.10128709318921264,0.11964336864720609,0.8938792498782604
0.8786647293808373,0.43434004327742734,0.19382024932204333,0.4301398782696664
0.7372608768447848,0.7289492963331696,0.13097237409262333,0.808398477412136
0.04099322474333376,0.3023127033321343,0.3243808840327493,0.46672227438299736
0.8747900646278339,0.9000924844460604,0.6311822327780922,0.46333836343886
0.9384349777063712,0.43817086617731863,0.31673408382702837,0.8409104079461337
0.08967086313736331,0.37617398389772344,0.639033703877203,0.736862661738771
0.822143160688062,0.22044791928818968,0.622027303499033,0.6376213787103622
0.9679284010312718,0.3133133307963123,0.42468924237462746,0.8827389483233338
0.2672004133322498,0.7767624836771389,0.3138942987133933,0.04313863103078777
0.3204906388712048,0.19300261334013968,0.7773038333807708,0.848623097012623
0.3133020128473679,0.06213388668138398,0.1104721343306962,0.268482638609996
0.3339131616043203,0.22286071776123497,0.9302087063006681,0.18969921320773927
0.43331881012343333,0.23649916973873926,0.918782911002274,0.9033321779117206
0.16436373732430373,0.41370363461977386,0.1191110629612993,0.7746038843360471
0.4339404086003476,0.26699237009394486,0.6314602368060491,0.47017039803721687
0.3726328392121123,0.6237832861746013,0.03097039832912934,0.6733839773008777
0.7431434870322893,0.612183700299634,0.1683261670843036,0.3132139364612267
0.2233331613923314,0.867680173483373,0.7823248243376768,0.03328306898309302
0.12611491243624134,0.7306336312938149,0.28098693486020496,0.9782441234112288
0.7968339234269237,0.39742100333792314,0.9988692432082309,0.33823430309233676
0.3331374323372396,0.2693182172674869,0.6403988986023146,0.32133074416113183
0.793221449238064,0.6979331370998836,0.818233830222389,0.8427837363640117
0.6170323379383362,0.8300438488733714,0.011941873213378402,0.8643488663700092
0.2029326063878439,0.2701487917382093,0.20112813326363768,0.03321096987060468
0.6863936364239091,0.3361139138286303,0.28281992333493234,0.26247689109339063
0.4967632177028681,0.3637916426266493,0.38839312109112063,0.9408961304346303
0.14110932338973293,0.3663366428762739,0.7174170769336301,0.8831177130497236
0.32713323733261,0.13810804934144786,0.8813286203236807,0.8923330437680616
0.13118417271332886,0.4324813344322341,0.6967187434293946,0.8809231723639683
0.9747773978347632,0.6911777060264112,0.3461363436444007,0.4733137272289433
0.604008641733086,0.4049238320866332,0.7736337779370677,0.4784690061132376
0.3664239383231147,0.9210933633772936,0.9279396184308046,0.6183333790686066
0.6926921631269616,0.3076477138608063,0.49433124277882433,0.3897438902443783
0.7072823877193169,0.23106020463914304,0.8116374606239196,0.13767063043389083
0.3323902236336828,0.3698002360310043,0.313490179628728,0.1641449038306326
0.13279787171729403,0.6448786999670747,0.044208192433834914,0.3187432988638314
0.8081379676473313,0.47841661860327944,0.934434927986779,0.49426793400161334
0.7331887934306991,0.7881463133322367,0.6399022163604299,0.3331869737334379
0.48378372038031464,0.318129831239799,0.9043263034328386,0.04373003474869386
0.04224832101083083,0.3216313077488319,0.3302271487603832,0.14660720173118884
0.906807106288037,0.3142423382039176,0.6492463722633647,0.8089733170363937
0.22709844113441224,0.314232692936936,0.8863034803370806,0.23371663911773333
0.923674079080693,0.9432138976834688,0.3238743493336994,0.7313934196131103
0.3337026248764839,0.366416103883324,0.8913703387084809,0.3129787367723068
0.301804618732489,0.4374071771620683,0.1483109313640092,0.9629078012646603
0.6894413963367706,0.43737612378876623,0.23067181363197223,0.419800329087276
0.3973342832102371,0.013603321320034064,0.9239273333999936,0.9132899083842303
0.8191848386683833,0.3118868982916801,0.14319023292344302,0.1464838760040236
0.047339408702298384,0.03403816309700988,0.033202337322309027,0.7006006233332847
0.3441192304926166,0.8983140282788046,0.19302093233012608,0.713983023176213
0.09987412970064898,0.38986713432382023,0.40472962683964444,0.010392337900986713
0.9888396313166687,0.3490090897916841,0.2796294186937606,0.4784347987971331
0.47300114439301004,0.6806642081979364,0.3941616771891307,0.40932639013070883
0.22830342030902713,0.4961988724017096,0.04736744412910433,0.6340360633393336
0.2919310136894322,0.23238641927489287,0.4793439168264348,0.807734031204331
0.17432077371362923,0.1326070020327038,0.30007418331448137,0.6263133304010032
0.3877937933317383,0.1600210333673033,0.1192311036086123,0.6364894073987613
0.7167834302810029,0.10789736777440149,0.836023611899697,0.7427241910064632
0.06706147636136362,0.2624370464723646,0.60799389298348,0.20824773773216086
0.7230193642446179,0.8233328230300423,0.2892176336011314,0.8833126338662943
0.18919484363192918,0.23343313381194604,0.7778426186041987,0.26130287967320376
0.9760313323021782,0.2323347731127423,0.3109228911421363,0.007298262810604417
0.7869934306979477,0.771839108311318,0.9631838302064331,0.8348224414471776
0.8394303823008136,0.14649768714721794,0.42496672867433013,0.6439642067734742
0.13797063766467916,0.23039731300283933,0.3847360830918733,0.4347784618932301
0.48874926001379913,0.1278730249389133,0.8072740133863061,0.4192898776346309
0.6212776967308742,0.39323781820471603,0.03283399170293214,0.9018901362793378
0.808343928794673,0.22119133763026316,0.27823794749123996,0.30603173212733307
0.8124836819110077,0.3079634348301986,0.13799942020870242,0.1643630302649136
0.11230816768379039,0.8987213621210186,0.604383037474661,0.7380763203293423
0.2438733942117826,0.297714730036372,0.7819939710333363,0.4717236838438287
0.9341863123294322,0.7241038121822309,0.3349093163276778,0.10821303719743244
0.9694767801343723,0.3276673249367731,0.4407418474333141,0.3472837436362213
0.6630887234376302,0.3464037693391318,0.8968303170608708,0.23460638314329688
0.8383433148213263,0.3820328244943394,0.47633968898810933,0.6487039931308289
0.6424404743724919,0.7361303438342013,0.4331408926226963,0.8030040991923307
0.8211871866330136,0.4780361289338362,0.899692936602448,0.7313664723993447
0.21206393377409146,0.3912268103179272,0.9493983929243443,0.7031387963280336
0.19406300433640933,0.6170399842880348,0.2883783332964761,0.9308823993403812
0.8040163613931319,0.6743916899734816,0.7242140383838187,0.008380207484171038
0.22082426033340343,0.11737424028214303,0.08381172460133783,0.438316073668212
0.3328123968121377,0.8042828334383243,0.338690317189286,0.38988730049482363
0.010486111694698264,0.63233991682324,0.03681804623281064,0.9763609233214977
0.2668864381442786,0.1472768826711088,0.7303392691063333,0.928043932107489
0.0306102813873987,0.9077360677368343,0.034883490136228494,0.07314269034932418
0.8886347134201301,0.3309703023420734,0.4336862330499736,0.7630134424366343
0.8382930763348228,0.34774393003082003,0.3323436179629437,0.1813898939341001
0.9043848890963803,0.3989643027233633,0.1401466780893611,0.7636980198409742
0.32273033483181434,0.863762309327832,0.9873490863984394,0.3313721330832008
0.8833118971420463,0.22198263144790023,0.4073942163639826,0.3460413091767492
0.6440330031016779,0.6146438380774394,0.2302797340471738,0.6713116434479616
0.43300083329614623,0.1976640333380978,0.6303340960622968,0.13300732362864438
0.027747984718967392,0.13279333648090393,0.330639780102993,0.6383486119183373
0.11347360867687662,0.04677293692917128,0.01730496083384367,0.3324321623808366
0.9446308947818176,0.3922202236903331,0.13732117814747032,0.7680680431004131
0.9981107344734344,0.13897383698238287,0.41489087918398207,0.9383731333167199
0.2182973368236994,0.11369398368302319,0.4312037902042646,0.7810331879343123
0.3178373708630622,0.708366678109637,0.949133316201396,0.4727860098202431
0.7260068340177828,0.3167370703178283,0.4147499033093032,0.9407633896937782
0.6230337198383223,0.014296088209939403,0.3774936000082978,0.43110339130767116
0.49216342436131966,0.3918069787203404,0.047439377466691434,0.14126823760693772
0.9771034997472987,0.3609084606692946,0.3713873938688316,0.9362733190733099
0.26649072838492904,0.10660647060163613,0.6797633393416092,0.8182263627691237
0.3134976283947861,0.392888640333119,0.16744349103619338,0.461127300667301
0.21689092404412327,0.28364631667472123,0.9673742611199962,0.9397313873793763
0.331934364939116,0.43374136406783763,0.39934339761613963,0.4632920913677088
0.077878469316313477,0.7263737143718149,0.7430403267082033,0.9196147812837023
0.3233847430033011,0.3180789338229779,0.603342422300699,0.7867338333703177
0.3672766346739441,0.781821777249769,0.7132069398211208,0.18799163647742838
0.0034684801064233106,0.2227896397381036,0.9862480137146329,0.13982000438168466
0.7013390922024833,0.40333441324039733,0.07386902133167474,0.02346346342196433
0.7899299630888499,0.9343063679983782,0.10013339286179947,0.07031189328137643
0.3772741887047137,0.8692679914400977,0.1973647603498407,0.38321378993203004
0.020674347423039224,0.7183023132180931,0.9837380926266437,0.3013184844764726
0.6714969381102048,0.46032040323370287,0.794442374437673,0.6974838811441331
0.9187130194324113,0.04293106084338964,0.8363348903711994,0.9169946302127367
0.01737990334303733,0.6243692943787893,0.09038263623483206,0.07173924280778312
0.8603633328932239,0.9336616382237902,0.08111823083667802,0.8667676920337879
0.666344932308363,0.3696431937946282,0.6747163483970083,0.1836372141094666
0.14890417384126243,0.7882642034433274,0.43488324034933136,0.1401242364396421
0.9226332234733692,0.7110406796678441,0.7694388038167276,0.3463923839198694
0.21131739061369633,0.6827600873781313,0.3127368077427141,0.40832781443694316
0.6063371233433124,0.7936320378367013,0.12976326234296217,0.39897208390344263
0.03703423810337972,0.3692901398814894,0.7080248798388042,0.1132694830334321
0.6339873643139761,0.8387368344942339,0.2449179213380239,0.6984938366100007
0.7639290842821031,0.13429933931247086,0.41839312608263273,0.11711033033323709
0.4331948300443287,0.66869023337207,0.09436336601301601,0.2832346711331764
0.11389703388099287,0.9748819438014337,0.43162039917997966,0.13260141339176497
0.6933840431420737,0.8769332316137722,0.9438136833946936,0.2770298038403348
0.3663432308407324,0.3092661191273911,0.20463727413232814,0.00409078163964926
0.6033640303046133,0.7194382780436772,0.269802344368303,0.0272333873797174
0.3700978618137843,0.6816089768443191,0.06288441732040989,0.6627746198103633
0.14036814361824763,0.4000243200283332,0.3986400217241276,0.862379720493333
0.909070373083993,0.334140373406731,0.20623721476988696,0.022666933476822027
0.14164469017913443,0.46663482777229896,0.19226649392802937,0.6897379193311923
0.6384146831274898,0.8263336368248442,0.8248241916923093,0.9663913130476913
0.7997286449674672,0.6128661292930289,0.8036708979412309,0.7643091139230676
0.3660887061770927,0.6716894443881318,0.08239306016937263,0.02494681739030063
0.7343084901999381,0.4490041029823132,0.7487393017137121,0.8330346060099389
0.3791888702367777,0.3641332821881037,0.8623631863464732,0.390788149383363
0.11646298273314938,0.312786114834284,0.13870893843303638,0.0499046100449273
0.7336399331896239,0.24339947904696066,0.8373497307333937,0.6098373636118041
0.39997891099221327,0.38377138066744336,0.3206663889333623,0.8621821104916432
0.16963442693138936,0.1677788729460691,0.00431004269840678,0.03680381149038636
0.8913913191976618,0.4931773146014362,0.3212777101341884,0.737163989749139
0.19260972114363973,0.8894933392370678,0.9233896033411086,0.9266292288349761
0.8024400130320773,0.17328226403434244,0.6311310614364399,0.8940669270993342
0.13040641009310163,0.43798924134273403,0.4043436639697897,0.8171863476430273
0.9904373132338887,0.1929664386631008,0.6649932123466788,0.3890316243382437
0.06837970232326917,0.9139709323620336,0.9993087419499764,0.007016089384341704
0.2284112903168191,0.20349730497317093,0.9073403123033763,0.29129431123644973
0.23803412293893446,0.3433303240814876,0.2393203761732188,0.3077119749343323
0.2980017343932633,0.1728124911964329,0.2922371378608043,0.4344831332703147
0.9323171646778389,0.9016007667933833,0.04879297323828494,0.40406378360182423
0.0020017879464498373,0.8733876334731017,0.837630618839147,0.23134634911444747
0.6436178769481319,0.3619327437303918,0.9383844644429336,0.7027693723383798
0.37312963268127784,0.37737013093389047,0.6846636602836377,0.3729193023478813
0.9728344981293424,0.903004048138701,0.3922686777447306,0.6442300437823647
0.42794047370938314,0.3637686371066303,0.039866196100781064,0.8701629086483204
0.16171992349478166,0.023644733646934036,0.9940414223703111,0.30147731371034094
0.8192631932776896,0.7317304393102367,0.8819242718374289,0.3140873094037907
0.3640049949086881,0.8916802433396237,0.610690893660492,0.19860084943122837
0.03241401801038403,0.7993948103311183,0.3479033817878729,0.8429234693369962
0.860296620923188,0.3498470348611823,0.324917922743038,0.3634337171021794
0.12439343320689649,0.390080464790467,0.7790618642994262,0.697329010363191
0.4226743364338967,0.3662131043806842,0.0314934387100639,0.3126390431793306
0.313960947701637,0.44433663986840177,0.3338193037921674,0.6198307088333947
0.9130039392319703,0.388142201662386,0.9204914884121388,0.3382867283933031
0.9446173746373987,0.8229203898981867,0.33817408333881994,0.9434716986216488
0.4692230197228362,0.3624411731029099,0.9440392773003939,0.6632688289243249
0.37329793281341874,0.09094931962983118,0.6894993639386232,0.6604239744162929
0.8297230943269737,0.33983043680723427,0.21938418081333233,0.9847319112288323
0.9074093336388218,0.6397244920349846,0.8078223024397233,0.8620737192277319
0.43206974649038337,0.9833738987324961,0.31200381383209264,0.4234016880637333
0.3388613790960932,0.228409024641122,0.19313893643932967,0.734690713833372
0.80232246376088,0.2998307774602747,0.2302398677382391,0.3328021218333693
0.2304818392066189,0.6307989422124993,0.3382382731611331,0.4147383374064982
0.3867939637238737,0.6276642699236033,0.6937930327307699,0.3304303930316044
0.2804172726367078,0.3706842663173662,0.937091387948348,0.8331861911602196
0.3333320316832643,0.06830631213430884,0.323733318977361,0.8243976443692376
0.8000313021921332,0.9823480237866363,0.10931317443913711,0.3646403326083104
0.17901670211738977,0.9603869193069839,0.3632418492407033,0.8873690961012441
0.39033830313834184,0.26766702812383867,0.3243671263316303,0.830347907437203
0.468444107096292,0.7037871334032031,0.3233263233983141,0.4386797809446233
0.6082661342723243,0.8837483968733173,0.2648037384103767,0.7093728202982467
0.1688789216994002,0.4783933228973092,0.06822389196138069,0.6944061236912664
0.8847023271920414,0.37626342739833833,0.24874312468804263,0.9286676126601783
0.6919912900327229,0.727926339917432,0.7028362171133023,0.3378361897396767
0.09032890331388164,0.2374248303673389,0.8394470999936776,0.7929427070371603
0.8047413171161639,0.313332184240047,0.4009346132817437,0.3736329066088776
0.8792976140439393,0.8887466863476797,0.6672381416892141,0.46618927902384434
0.9406277817437112,0.9737348493396136,0.8766380449470918,0.09143732622407036
0.21134438737827936,0.33830903194098337,0.8918470302424477,0.8376031173267373
0.13076446131239373,0.7943163632181613,0.42313339130980313,0.8231273363301873
0.6816967030837896,0.9134242883734793,0.9433347714214134,0.3870430220730364
0.13200331308338336,0.9744272197264228,0.9273073443790936,0.13330980292668996
0.1393299033809677,0.7398333476739839,0.4904706742903413,0.03233716739361113
0.4686377912210618,0.17029444742816606,0.46238031638091204,0.8030448038422068
0.3734896734973928,0.982488939131603,0.48131438961436343,0.27693346632683634
0.9031624073831494,0.6740139879693332,0.7376433983838663,0.900018098702001
0.306338868237839,0.7290013706817133,0.23214733830929343,0.6480782221778611
0.7273777048131997,0.8202233041193788,0.9377272443363349,0.09170668990330639
0.2941118339304933,0.3160374013973346,0.03938371200007311,0.9284736433999036
0.3339377906623367,0.03674420176770737,0.6339343288837183,0.9728120932614034
0.29419616996977233,0.7180744099930833,0.9047837673031079,0.3490707883308898
0.7310119643304033,0.6208203263999303,0.4342606286491132,0.3636703378811176
0.7127760798479081,0.3230868133919499,0.21690326890397932,0.3029367472094612
0.2323168467092497,0.636423367378678,0.2397337063082444,0.2811043823126878
0.8939883683291227,0.1998343986080333,0.0861396346346903,0.9648494063439969
0.12944781217236862,0.3281378241811234,0.8211300718321771,0.14249239838363347
0.7248307106310002,0.07237202234421983,0.6943337130266927,0.3413367233376968
0.10797343196782193,0.03826613309938821,0.37333383398336336,0.4264733067236817
0.070009607314936844,0.018714896663223074,0.9413608402798371,0.391610783209869
0.13864320609241946,0.31880328383433777,0.6031840694247337,0.8248621694108086
0.9414648893883632,0.43870303480223844,0.7188440320473712,0.37674133260703217
0.12219761474687202,0.22693767011876373,0.3331830396269793,0.0028707701610377277
0.7316774932788412,0.6233114983347688,0.7390784042092602,0.2333603020733283
0.1330663946037107,0.4764343623278698,0.862108193216226,0.23326736204671983
0.10099838303319344,0.8963174207764173,0.2997006490333322,0.2703624143096321
0.2217100698131237,0.2096828648831343,0.1337329661494131,0.9033812640080343
0.3330121683438939,0.26332031803392783,0.1360343073973318,0.6143336229663031
0.8377273114603676,0.44386236422972293,0.7069228832978322,0.136168922807707
0.4360766721373333,0.8249706306467187,0.6928263688828443,0.9173347831809176
0.3044681127246786,0.3097402004346812,0.07329221320117787,0.03404868292638973
0.8839720710806439,0.6704324482442831,0.3394442442163103,0.21418311027841337
0.3963713210941323,0.3327832301281432,0.31407838372308436,0.03399331472864473
0.3017490777302932,0.7176822991121691,0.23180113638821388,0.3166130112803891
0.8214439604906327,0.4403313832048116,0.33329993376073334,0.06083333830133972
0.38149031192907017,0.3770177142103273,0.460693300774616,0.2396832439634023
0.4810017123833912,0.7313080343424898,0.9731263966373227,0.3911382384972023
0.13998304373038438,0.3343918696323902,0.39673013898620713,0.7230438421014269
0.4043777407999496,0.7388249986243309,0.12786900330637686,0.3861267273391132
0.8389733838877994,0.888492299983796,0.8740038803333382,0.27800793264874366
0.763489926997696,0.39373032172193006,0.7123033666069444,0.08293827613816934
0.6649010291920261,0.7043393206924329,0.44773380870164326,0.08393136463481449
0.3419214033622276,0.12624279797301301,0.9996030377731319,0.06764068319326601
0.32073166036287326,0.31679937338793706,0.1747928973280343,0.8781364876643037
0.09301334326836937,0.029337003802147303,0.6767776341123383,0.7339346323086276
0.04726247346044677,0.811338407907273,0.7066344303933038,0.8079967416628634
0.8019082608898042,0.10300893299974733,0.3204698403773198,0.3683031170391029
0.020961990206823322,0.42718192344823033,0.277934193383993,0.3306893347497372
0.233961917383843,0.8492620182849373,0.34733132270463736,0.17943380211188834
0.3189442634843973,0.8200397719063134,0.7676964637313714,0.3834746949303679
0.8268401141848842,0.23386793281804413,0.2847038924626233,0.9406006062013679
0.23039240493393429,0.361442391428127,0.9392894731292273,0.9087208491907314
0.29838329188217803,0.7339838410486878,0.8327113429343363,0.9899463893372369
0.8326834876620933,0.4384419136424144,0.4733629337969198,0.6361698618434226
0.22261037977798103,0.3416346800734107,0.2474421787188994,0.78038763230664
0.9731491019691408,0.6711369773101738,0.411187476478281,0.8662214239916748
0.2824314632771116,0.4703333840830643,0.3788600707711918,0.003967676234663606
0.03071188316633992,0.4361371008423914,0.7804436241986936,0.3893632704249296
0.6041761813393077,0.8837940937113349,0.8868809787390102,0.49618433931384376
0.6379393137203108,0.034009379178338896,0.47914333247334733,0.281948988197463
0.7848726420767103,0.0630186414631717,0.3372196908090807,0.8326649742676303
0.37400078269043266,0.3903304091964203,0.3338206460661617,0.2963833440033303
0.27238414291129834,0.7984939333936303,0.13347813410070333,0.07300374434676187
0.4974938296688921,0.07837264031148693,0.39370413034169364,0.4328794911628031
0.9193968763238212,0.7173119691397418,0.033318730766680616,0.7043298887607011
0.2989332113820844,0.3034343832601817,0.2026921006483393,0.6432289933302873
0.3339636202913468,0.610689301839338,0.9000420764430314,0.02339793063873109
0.6904833489696033,0.2390190887638663,0.09487371900788737,0.8814794322271377
0.7237313634391201,0.23610078313680604,0.9746786611291937,0.3493260033438973
0.11341447111336431,0.24283312840412264,0.9333043983116677,0.6703089882891222
0.6881809930463396,0.7374244137398361,0.03696211613601234,0.42662334139962424
0.6924693609000138,0.23387720913897837,0.8306013783442036,0.03781266331319819
0.728304346140301,0.22612181322433033,0.077834674702742327,0.1319613798033216
0.3243297924286646,0.21720112383699908,0.9373024163791074,0.3941143939972861
0.1180378336188247,0.2647343907840382,0.6292078443397664,0.8240620030300988
0.223021323823424,0.6602087012360409,0.8713726298900711,0.4386378974200939
0.4661730022493308,0.3729998177162039,0.11739083183673204,0.23931183920103734
