a,b,c,d
0.039261986133902136,0.2185122224250622,0.10342298051665423,0.9529042338102532
0.9322829032285884,0.04156228022953449,0.8991254222382951,0.9226295521253222
0.2805044229316328,0.008942532852148302,0.5528084022546968,0.2925104492549266
0.6222124963492204,0.24286984946229625,0.2640213103088026,0.44435291644122935
0.05382860859962886,0.5201244020529929,0.5522642392292222,0.19000259632053632
0.2860433621280128,0.5934650440000543,0.9023022632456548,0.6328922150631422
0.4304355863322313,0.16623013249421356,0.4693825442262464,0.4922008828313123
0.3122955538295512,0.5028232900921828,0.8066082010958843,0.8505190941429429
0.1822648514121828,0.9920246422219338,0.8959552961495315,0.530390132569463
0.9081621290525398,0.23222641021536215,0.4141382611943452,0.4320069001558664
